Panda: [0.9938944579988174, 0.6858599684110671, 1.5993617270869454]
UR5e: [0.8907478644453279, 0.6858599684110671, 1.5593836204265223]
Sawyer: [1.0236498897739559, 0.6858599684110671, 1.6606441595802548]
Jaco: [0.9489285662370466, 0.6858599684110671, 1.5862445649401822]
IIWA: [1.0412771240030825, 0.6858599684110671, 1.6445948581652305]
